1	-3.96726402852142	1.06
1	-6.27279520469145	0.712
1	-9.91816007130355	0.815
1	-11.85446866918	0.845
1	-13.023182194946	0.753
1	-14.0263964866248	0.556
1	-16.0893802176925	0.861
1	-17.0095041944548	0.734
1	-18.108	0.263
1	-20.2453594682831	0.294
1	-25.608579187452	0.241
1	-29.9043777883622	0.348
1	-33.0605335710118	0.517
1	-35.0659912165619	0.446
1	-37.487121445714	0.353
1	-40.4907189365662	0.496
1	-44.3553602623178	0.84
1	-49.5908003565177	0.341
1	-57.262523870329	1.067
1	-65.3984108303133	0.882
1	-62.7279520469145	0.204
1	-70.1319824331239	0.601
1	-76.0688152847376	1.14
1	-80.9814378731324	1.145
1	-83.8237518334068	1.218
1	-86.9880182730755	0.269
1	-90.54	0.357
1	-94.5659458213733	0.278
1	-99.1816007130355	0.536
1	-104.546586744857	0.063
1	-110.888400655794	0.05
1	-118.5446866918	0.046
1	-121.169610494805	0.32
1	-130.23182194946	0.116
1	-140.263964866248	0.088
1	-151.250523120372	0.07
1	-156.819880117286	0.857
1	-160.893802176925	2.715
1	-170.095041944548	0.088
1	-181.08	0.478
1	-187.43560722857	3.832
1	-190.875079567763	0.067
1	-194.511122086591	4.655
1	-198.363201426071	2.108
1	-202.453594682831	0.227
1	-206.807933579213	1.06
1	-211.455883213153	0.712
1	-216.431996578272	0.815
1	-221.776801311589	0.845
1	-233.77327477708	0.753
1	-247.954001782589	0.556
1	-265.073977814281	0.861
1	-286.312619351645	0.734
1	-313.639760234572	0.263
1	-330.605335710118	0.294
1	-350.65991216562	0.241
1	-374.87121445714	0.348
1	-404.907189365662	0.517
1	-443.553602623178	0.446
1	-495.908003565177	0.353
1	-530.147955628561	0.496
1	-572.62523870329	0.84
1	-592.723438506012	0.341
1	-615.098187309544	1.067
1	-640.214466966382	0.882
1	-668.682208349479	0.204
1	-701.319824331239	0.601
1	-719.538962166526	1.14
1	-739.256014163761	1.145
1	-760.688142179012	1.218
1	-784.099394744435	0.269
1	-809.814378731324	0.357
1	-838.237525471618	0.278
1	-869.880198684263	0.536
1	-905.399982011319	0.063
1	-991.816007130355	0.05
1	-1045.46588129627	0.046
1	-1108.88399829611	0.32
1	-1185.44687701202	0.116
1	-1280.42893393276	0.088
1	-1337.36441669896	0.07
1	-1402.63964866248	0.857
1	-1568.19878948887	2.715
1	-1608.938031864	0.088
1	-1810.79996402264	0.478
1	-1841.75611503279	3.832
1	-1874.35606829569	0.067
1	-1908.75075775416	4.655
1	-1945.11125653904	2.108
1	-2024.53596945426	0.227
2	-3.96726402852142	0.933
2	-6.27279520469145	1.291
2	-9.91816007130355	1.61
2	-11.85446866918	2.305
2	-13.023182194946	1.206
2	-14.0263964866248	1.091
2	-16.0893802176925	1.238
2	-17.0095041944548	1.087
2	-18.108	1.707
2	-20.2453594682831	0.398
2	-25.608579187452	0.315
2	-29.9043777883622	0.399
2	-33.0605335710118	0.312
2	-35.0659912165619	0.749
2	-37.487121445714	0.418
2	-40.4907189365662	0.574
2	-44.3553602623178	0.951
2	-49.5908003565177	0.153
2	-57.262523870329	1.035
2	-65.3984108303133	0.713
2	-62.7279520469145	0.242
2	-70.1319824331239	0.44
2	-76.0688152847376	0.761
2	-80.9814378731324	0.967
2	-83.8237518334068	1.078
2	-86.9880182730755	1.098
2	-90.54	1.598
2	-94.5659458213733	2.368
2	-99.1816007130355	1.272
2	-104.546586744857	0.035
2	-110.888400655794	0.035
2	-118.5446866918	0.053
2	-121.169610494805	0.049
2	-130.23182194946	0.031
2	-140.263964866248	0.114
2	-151.250523120372	0.059
2	-156.819880117286	0.071
2	-160.893802176925	0.074
2	-170.095041944548	0.115
2	-181.08	0.21
2	-187.43560722857	4.934
2	-190.875079567763	1.298
2	-194.511122086591	0.097
2	-198.363201426071	1.872
2	-202.453594682831	4.146
2	-206.807933579213	0.933
2	-211.455883213153	1.291
2	-216.431996578272	1.61
2	-221.776801311589	2.305
2	-233.77327477708	1.206
2	-247.954001782589	1.091
2	-265.073977814281	1.238
2	-286.312619351645	1.087
2	-313.639760234572	1.707
2	-330.605335710118	0.398
2	-350.65991216562	0.315
2	-374.87121445714	0.399
2	-404.907189365662	0.312
2	-443.553602623178	0.749
2	-495.908003565177	0.418
2	-530.147955628561	0.574
2	-572.62523870329	0.951
2	-592.723438506012	0.153
2	-615.098187309544	1.035
2	-640.214466966382	0.713
2	-668.682208349479	0.242
2	-701.319824331239	0.44
2	-719.538962166526	0.761
2	-739.256014163761	0.967
2	-760.688142179012	1.078
2	-784.099394744435	1.098
2	-809.814378731324	1.598
2	-838.237525471618	2.368
2	-869.880198684263	1.272
2	-905.399982011319	0.035
2	-991.816007130355	0.035
2	-1045.46588129627	0.053
2	-1108.88399829611	0.049
2	-1185.44687701202	0.031
2	-1280.42893393276	0.114
2	-1337.36441669896	0.059
2	-1402.63964866248	0.071
2	-1568.19878948887	0.074
2	-1608.938031864	0.115
2	-1810.79996402264	0.21
2	-1841.75611503279	4.934
2	-1874.35606829569	1.298
2	-1908.75075775416	0.097
2	-1945.11125653904	1.872
2	-2024.53596945426	4.146
3	-3.96726402852142	0.951
3	-6.27279520469145	1.251
3	-9.91816007130355	1.227
3	-11.85446866918	1.255
3	-13.023182194946	1.615
3	-14.0263964866248	1.279
3	-16.0893802176925	1.399
3	-17.0095041944548	1.653
3	-18.108	1.777
3	-20.2453594682831	1.528
3	-25.608579187452	1.644
3	-29.9043777883622	2.311
3	-33.0605335710118	1.965
3	-35.0659912165619	2.579
3	-37.487121445714	2.408
3	-40.4907189365662	2.272
3	-44.3553602623178	1.498
3	-49.5908003565177	2.208
3	-57.262523870329	1.293
3	-65.3984108303133	1.788
3	-62.7279520469145	2.476
3	-70.1319824331239	1.485
3	-76.0688152847376	1.09
3	-80.9814378731324	0.98
3	-83.8237518334068	0.845
3	-86.9880182730755	0.96
3	-90.54	1.016
3	-94.5659458213733	1.088
3	-99.1816007130355	1.807
3	-104.546586744857	2.963
3	-110.888400655794	4.252
3	-118.5446866918	3.44
3	-121.169610494805	3.724
3	-130.23182194946	6.841
3	-140.263964866248	0.123
3	-151.250523120372	0.092
3	-156.819880117286	0.113
3	-160.893802176925	0.218
3	-170.095041944548	3.549
3	-181.08	0.402
3	-187.43560722857	0.014
3	-190.875079567763	0.012
3	-194.511122086591	0.07
3	-198.363201426071	0.741
3	-202.453594682831	0.291
3	-206.807933579213	0.951
3	-211.455883213153	1.251
3	-216.431996578272	1.227
3	-221.776801311589	1.255
3	-233.77327477708	1.615
3	-247.954001782589	1.279
3	-265.073977814281	1.399
3	-286.312619351645	1.653
3	-313.639760234572	1.777
3	-330.605335710118	1.528
3	-350.65991216562	1.644
3	-374.87121445714	2.311
3	-404.907189365662	1.965
3	-443.553602623178	2.579
3	-495.908003565177	2.408
3	-530.147955628561	2.272
3	-572.62523870329	1.498
3	-592.723438506012	2.208
3	-615.098187309544	1.293
3	-640.214466966382	1.788
3	-668.682208349479	2.476
3	-701.319824331239	1.485
3	-719.538962166526	1.09
3	-739.256014163761	0.98
3	-760.688142179012	0.845
3	-784.099394744435	0.96
3	-809.814378731324	1.016
3	-838.237525471618	1.088
3	-869.880198684263	1.807
3	-905.399982011319	2.963
3	-991.816007130355	4.252
3	-1045.46588129627	3.44
3	-1108.88399829611	3.724
3	-1185.44687701202	6.841
3	-1280.42893393276	0.123
3	-1337.36441669896	0.092
3	-1402.63964866248	0.113
3	-1568.19878948887	0.218
3	-1608.938031864	3.549
3	-1810.79996402264	0.402
3	-1841.75611503279	0.014
3	-1874.35606829569	0.012
3	-1908.75075775416	0.07
3	-1945.11125653904	0.741
3	-2024.53596945426	0.291
4	-3.96726402852142	0.276
4	-6.27279520469145	0.37
4	-9.91816007130355	0.389
4	-11.85446866918	0.465
4	-13.023182194946	0.337
4	-14.0263964866248	0.507
4	-16.0893802176925	0.673
4	-17.0095041944548	0.378
4	-18.108	0.843
4	-20.2453594682831	0.796
4	-25.608579187452	0.916
4	-29.9043777883622	0.933
4	-33.0605335710118	0.847
4	-35.0659912165619	0.868
4	-37.487121445714	0.958
4	-40.4907189365662	0.809
4	-44.3553602623178	0.49
4	-49.5908003565177	1.051
4	-57.262523870329	0.248
4	-65.3984108303133	0.505
4	-62.7279520469145	1.059
4	-70.1319824331239	0.81
4	-76.0688152847376	0.377
4	-80.9814378731324	0.305
4	-83.8237518334068	0.311
4	-86.9880182730755	0.505
4	-90.54	0.756
4	-94.5659458213733	0.959
4	-99.1816007130355	1.132
4	-104.546586744857	1.309
4	-110.888400655794	1.568
4	-118.5446866918	1.464
4	-121.169610494805	1.648
4	-130.23182194946	2.849
4	-140.263964866248	3.436
4	-151.250523120372	2.906
4	-156.819880117286	3.669
4	-160.893802176925	2.765
4	-170.095041944548	5.764
4	-181.08	3.304
4	-187.43560722857	1.69
4	-190.875079567763	1.415
4	-194.511122086591	3.259
4	-198.363201426071	2.18
4	-202.453594682831	7.141
4	-206.807933579213	0.276
4	-211.455883213153	0.37
4	-216.431996578272	0.389
4	-221.776801311589	0.465
4	-233.77327477708	0.337
4	-247.954001782589	0.507
4	-265.073977814281	0.673
4	-286.312619351645	0.378
4	-313.639760234572	0.843
4	-330.605335710118	0.796
4	-350.65991216562	0.916
4	-374.87121445714	0.933
4	-404.907189365662	0.847
4	-443.553602623178	0.868
4	-495.908003565177	0.958
4	-530.147955628561	0.809
4	-572.62523870329	0.49
4	-592.723438506012	1.051
4	-615.098187309544	0.248
4	-640.214466966382	0.505
4	-668.682208349479	1.059
4	-701.319824331239	0.81
4	-719.538962166526	0.377
4	-739.256014163761	0.305
4	-760.688142179012	0.311
4	-784.099394744435	0.505
4	-809.814378731324	0.756
4	-838.237525471618	0.959
4	-869.880198684263	1.132
4	-905.399982011319	1.309
4	-991.816007130355	1.568
4	-1045.46588129627	1.464
4	-1108.88399829611	1.648
4	-1185.44687701202	2.849
4	-1280.42893393276	3.436
4	-1337.36441669896	2.906
4	-1402.63964866248	3.669
4	-1568.19878948887	2.765
4	-1608.938031864	5.764
4	-1810.79996402264	3.304
4	-1841.75611503279	1.69
4	-1874.35606829569	1.415
4	-1908.75075775416	3.259
4	-1945.11125653904	2.18
4	-2024.53596945426	7.141
5	-3.96726402852142	0.671
5	-6.27279520469145	0.954
5	-9.91816007130355	1.479
5	-11.85446866918	1.255
5	-13.023182194946	1.118
5	-14.0263964866248	0.776
5	-16.0893802176925	2.57
5	-17.0095041944548	1.087
5	-18.108	2.143
5	-20.2453594682831	2.416
5	-25.608579187452	2.287
5	-29.9043777883622	2.028
5	-33.0605335710118	2.518
5	-35.0659912165619	1.783
5	-37.487121445714	2.138
5	-40.4907189365662	2.036
5	-44.3553602623178	1.674
5	-49.5908003565177	2.264
5	-57.262523870329	1.296
5	-65.3984108303133	1.702
5	-62.7279520469145	2.452
5	-70.1319824331239	1.613
5	-76.0688152847376	1.57
5	-80.9814378731324	0.917
5	-83.8237518334068	0.831
5	-86.9880182730755	1.12
5	-90.54	1.048
5	-94.5659458213733	1.924
5	-99.1816007130355	1.446
5	-104.546586744857	2.918
5	-110.888400655794	4.401
5	-118.5446866918	3.34
5	-121.169610494805	3.419
5	-130.23182194946	2.788
5	-140.263964866248	3.436
5	-151.250523120372	0.108
5	-156.819880117286	0.095
5	-160.893802176925	0.172
5	-170.095041944548	5.764
5	-181.08	0.382
5	-187.43560722857	0.854
5	-190.875079567763	0.01
5	-194.511122086591	0.182
5	-198.363201426071	0.026
5	-202.453594682831	0.205
5	-206.807933579213	0.671
5	-211.455883213153	0.954
5	-216.431996578272	1.479
5	-221.776801311589	1.255
5	-233.77327477708	1.118
5	-247.954001782589	0.776
5	-265.073977814281	2.57
5	-286.312619351645	1.087
5	-313.639760234572	2.143
5	-330.605335710118	2.416
5	-350.65991216562	2.287
5	-374.87121445714	2.028
5	-404.907189365662	2.518
5	-443.553602623178	1.783
5	-495.908003565177	2.138
5	-530.147955628561	2.036
5	-572.62523870329	1.674
5	-592.723438506012	2.264
5	-615.098187309544	1.296
5	-640.214466966382	1.702
5	-668.682208349479	2.452
5	-701.319824331239	1.613
5	-719.538962166526	1.57
5	-739.256014163761	0.917
5	-760.688142179012	0.831
5	-784.099394744435	1.12
5	-809.814378731324	1.048
5	-838.237525471618	1.924
5	-869.880198684263	1.446
5	-905.399982011319	2.918
5	-991.816007130355	4.401
5	-1045.46588129627	3.34
5	-1108.88399829611	3.419
5	-1185.44687701202	2.788
5	-1280.42893393276	3.436
5	-1337.36441669896	0.108
5	-1402.63964866248	0.095
5	-1568.19878948887	0.172
5	-1608.938031864	5.764
5	-1810.79996402264	0.382
5	-1841.75611503279	0.854
5	-1874.35606829569	0.01
5	-1908.75075775416	0.182
5	-1945.11125653904	0.026
5	-2024.53596945426	0.205
6	-3.96726402852142	1.395
6	-6.27279520469145	0.813
6	-9.91816007130355	1.479
6	-11.85446866918	0.893
6	-13.023182194946	0.892
6	-14.0263964866248	1.992
6	-16.0893802176925	1.399
6	-17.0095041944548	1.133
6	-18.108	2.143
6	-20.2453594682831	2.102
6	-25.608579187452	2.911
6	-29.9043777883622	1.989
6	-33.0605335710118	2.007
6	-35.0659912165619	3.174
6	-37.487121445714	2.427
6	-40.4907189365662	2.25
6	-44.3553602623178	1.846
6	-49.5908003565177	2.438
6	-57.262523870329	1.131
6	-65.3984108303133	1.453
6	-62.7279520469145	2.437
6	-70.1319824331239	1.715
6	-76.0688152847376	1.298
6	-80.9814378731324	0.559
6	-83.8237518334068	0.551
6	-86.9880182730755	0.633
6	-90.54	0.951
6	-94.5659458213733	1.248
6	-99.1816007130355	1.199
6	-104.546586744857	1.463
6	-110.888400655794	1.394
6	-118.5446866918	2.666
6	-121.169610494805	4.804
6	-130.23182194946	0.046
6	-140.263964866248	0.14
6	-151.250523120372	0.113
6	-156.819880117286	0.065
6	-160.893802176925	0.074
6	-170.095041944548	0.088
6	-181.08	0.287
6	-187.43560722857	0.015
6	-190.875079567763	0.014
6	-194.511122086591	0.075
6	-198.363201426071	0.042
6	-202.453594682831	5.747
6	-206.807933579213	1.395
6	-211.455883213153	0.813
6	-216.431996578272	1.479
6	-221.776801311589	0.893
6	-233.77327477708	0.892
6	-247.954001782589	1.992
6	-265.073977814281	1.399
6	-286.312619351645	1.133
6	-313.639760234572	2.143
6	-330.605335710118	2.102
6	-350.65991216562	2.911
6	-374.87121445714	1.989
6	-404.907189365662	2.007
6	-443.553602623178	3.174
6	-495.908003565177	2.427
6	-530.147955628561	2.25
6	-572.62523870329	1.846
6	-592.723438506012	2.438
6	-615.098187309544	1.131
6	-640.214466966382	1.453
6	-668.682208349479	2.437
6	-701.319824331239	1.715
6	-719.538962166526	1.298
6	-739.256014163761	0.559
6	-760.688142179012	0.551
6	-784.099394744435	0.633
6	-809.814378731324	0.951
6	-838.237525471618	1.248
6	-869.880198684263	1.199
6	-905.399982011319	1.463
6	-991.816007130355	1.394
6	-1045.46588129627	2.666
6	-1108.88399829611	4.804
6	-1185.44687701202	0.046
6	-1280.42893393276	0.14
6	-1337.36441669896	0.113
6	-1402.63964866248	0.065
6	-1568.19878948887	0.074
6	-1608.938031864	0.088
6	-1810.79996402264	0.287
6	-1841.75611503279	0.015
6	-1874.35606829569	0.014
6	-1908.75075775416	0.075
6	-1945.11125653904	0.042
6	-2024.53596945426	5.747
7	-3.96726402852142	1.344
7	-6.27279520469145	1.392
7	-9.91816007130355	0.926
7	-11.85446866918	1.255
7	-13.023182194946	1.206
7	-14.0263964866248	1.73
7	-16.0893802176925	0.578
7	-17.0095041944548	0.854
7	-18.108	1.418
7	-20.2453594682831	1.489
7	-25.608579187452	2.385
7	-29.9043777883622	2.189
7	-33.0605335710118	2.518
7	-35.0659912165619	2.3
7	-37.487121445714	2.439
7	-40.4907189365662	2.472
7	-44.3553602623178	1.969
7	-49.5908003565177	2.494
7	-57.262523870329	0.967
7	-65.3984108303133	1.477
7	-62.7279520469145	2.57
7	-70.1319824331239	1.582
7	-76.0688152847376	1.254
7	-80.9814378731324	0.987
7	-83.8237518334068	0.783
7	-86.9880182730755	1.124
7	-90.54	1.058
7	-94.5659458213733	1.637
7	-99.1816007130355	1.389
7	-104.546586744857	2.783
7	-110.888400655794	4.567
7	-118.5446866918	3.493
7	-121.169610494805	3.717
7	-130.23182194946	2.849
7	-140.263964866248	0.114
7	-151.250523120372	0.07
7	-156.819880117286	0.06
7	-160.893802176925	0.069
7	-170.095041944548	0.115
7	-181.08	0.229
7	-187.43560722857	2.303
7	-190.875079567763	2.9
7	-194.511122086591	3.497
7	-198.363201426071	2.18
7	-202.453594682831	7.141
7	-206.807933579213	1.344
7	-211.455883213153	1.392
7	-216.431996578272	0.926
7	-221.776801311589	1.255
7	-233.77327477708	1.206
7	-247.954001782589	1.73
7	-265.073977814281	0.578
7	-286.312619351645	0.854
7	-313.639760234572	1.418
7	-330.605335710118	1.489
7	-350.65991216562	2.385
7	-374.87121445714	2.189
7	-404.907189365662	2.518
7	-443.553602623178	2.3
7	-495.908003565177	2.439
7	-530.147955628561	2.472
7	-572.62523870329	1.969
7	-592.723438506012	2.494
7	-615.098187309544	0.967
7	-640.214466966382	1.477
7	-668.682208349479	2.57
7	-701.319824331239	1.582
7	-719.538962166526	1.254
7	-739.256014163761	0.987
7	-760.688142179012	0.783
7	-784.099394744435	1.124
7	-809.814378731324	1.058
7	-838.237525471618	1.637
7	-869.880198684263	1.389
7	-905.399982011319	2.783
7	-991.816007130355	4.567
7	-1045.46588129627	3.493
7	-1108.88399829611	3.717
7	-1185.44687701202	2.849
7	-1280.42893393276	0.114
7	-1337.36441669896	0.07
7	-1402.63964866248	0.06
7	-1568.19878948887	0.069
7	-1608.938031864	0.115
7	-1810.79996402264	0.229
7	-1841.75611503279	2.303
7	-1874.35606829569	2.9
7	-1908.75075775416	3.497
7	-1945.11125653904	2.18
7	-2024.53596945426	7.141
8	-3.96726402852142	0.893
8	-6.27279520469145	1.494
8	-9.91816007130355	0.745
8	-11.85446866918	1.11
8	-13.023182194946	1.257
8	-14.0263964866248	1.279
8	-16.0893802176925	0.821
8	-17.0095041944548	1.532
8	-18.108	1.983
8	-20.2453594682831	1.41
8	-25.608579187452	1.953
8	-29.9043777883622	2.581
8	-33.0605335710118	1.821
8	-35.0659912165619	1.943
8	-37.487121445714	2.552
8	-40.4907189365662	1.862
8	-44.3553602623178	1.581
8	-49.5908003565177	2.414
8	-57.262523870329	1.109
8	-65.3984108303133	0.489
8	-62.7279520469145	0.266
8	-70.1319824331239	0.198
8	-76.0688152847376	0.634
8	-80.9814378731324	0.565
8	-83.8237518334068	0.552
8	-86.9880182730755	0.611
8	-90.54	0.905
8	-94.5659458213733	1.266
8	-99.1816007130355	1.152
8	-104.546586744857	2.485
8	-110.888400655794	0.057
8	-118.5446866918	0.241
8	-121.169610494805	0.105
8	-130.23182194946	0.662
8	-140.263964866248	3.8
8	-151.250523120372	2.29
8	-156.819880117286	9.645
8	-160.893802176925	2.765
8	-170.095041944548	2.401
8	-181.08	9.063
8	-187.43560722857	0.032
8	-190.875079567763	0.011
8	-194.511122086591	0.102
8	-198.363201426071	0.023
8	-202.453594682831	0.115
8	-206.807933579213	0.893
8	-211.455883213153	1.494
8	-216.431996578272	0.745
8	-221.776801311589	1.11
8	-233.77327477708	1.257
8	-247.954001782589	1.279
8	-265.073977814281	0.821
8	-286.312619351645	1.532
8	-313.639760234572	1.983
8	-330.605335710118	1.41
8	-350.65991216562	1.953
8	-374.87121445714	2.581
8	-404.907189365662	1.821
8	-443.553602623178	1.943
8	-495.908003565177	2.552
8	-530.147955628561	1.862
8	-572.62523870329	1.581
8	-592.723438506012	2.414
8	-615.098187309544	1.109
8	-640.214466966382	0.489
8	-668.682208349479	0.266
8	-701.319824331239	0.198
8	-719.538962166526	0.634
8	-739.256014163761	0.565
8	-760.688142179012	0.552
8	-784.099394744435	0.611
8	-809.814378731324	0.905
8	-838.237525471618	1.266
8	-869.880198684263	1.152
8	-905.399982011319	2.485
8	-991.816007130355	0.057
8	-1045.46588129627	0.241
8	-1108.88399829611	0.105
8	-1185.44687701202	0.662
8	-1280.42893393276	3.8
8	-1337.36441669896	2.29
8	-1402.63964866248	9.645
8	-1568.19878948887	2.765
8	-1608.938031864	2.401
8	-1810.79996402264	9.063
8	-1841.75611503279	0.032
8	-1874.35606829569	0.011
8	-1908.75075775416	0.102
8	-1945.11125653904	0.023
8	-2024.53596945426	0.115
9	-3.96726402852142	0.782
9	-6.27279520469145	1.533
9	-9.91816007130355	0.614
9	-11.85446866918	0.736
9	-13.023182194946	0.497
9	-14.0263964866248	0.524
9	-16.0893802176925	0.404
9	-17.0095041944548	0.734
9	-18.108	0.212
9	-20.2453594682831	0.398
9	-25.608579187452	0.229
9	-29.9043777883622	0.367
9	-33.0605335710118	0.433
9	-35.0659912165619	0.386
9	-37.487121445714	0.292
9	-40.4907189365662	0.415
9	-44.3553602623178	0.502
9	-49.5908003565177	0.191
9	-57.262523870329	0.715
9	-65.3984108303133	0.55
9	-62.7279520469145	0.233
9	-70.1319824331239	0.453
9	-76.0688152847376	0.694
9	-80.9814378731324	0.795
9	-83.8237518334068	0.747
9	-86.9880182730755	0.072
9	-90.54	0.014
9	-94.5659458213733	0.022
9	-99.1816007130355	0.02
9	-104.546586744857	0.033
9	-110.888400655794	0.039
9	-118.5446866918	0.046
9	-121.169610494805	0.049
9	-130.23182194946	0.04
9	-140.263964866248	0.114
9	-151.250523120372	0.065
9	-156.819880117286	0.077
9	-160.893802176925	8.976
9	-170.095041944548	0.627
9	-181.08	0.249
9	-187.43560722857	0.014
9	-190.875079567763	0.01
9	-194.511122086591	0.08
9	-198.363201426071	0.014
9	-202.453594682831	0.108
9	-206.807933579213	0.782
9	-211.455883213153	1.533
9	-216.431996578272	0.614
9	-221.776801311589	0.736
9	-233.77327477708	0.497
9	-247.954001782589	0.524
9	-265.073977814281	0.404
9	-286.312619351645	0.734
9	-313.639760234572	0.212
9	-330.605335710118	0.398
9	-350.65991216562	0.229
9	-374.87121445714	0.367
9	-404.907189365662	0.433
9	-443.553602623178	0.386
9	-495.908003565177	0.292
9	-530.147955628561	0.415
9	-572.62523870329	0.502
9	-592.723438506012	0.191
9	-615.098187309544	0.715
9	-640.214466966382	0.55
9	-668.682208349479	0.233
9	-701.319824331239	0.453
9	-719.538962166526	0.694
9	-739.256014163761	0.795
9	-760.688142179012	0.747
9	-784.099394744435	0.072
9	-809.814378731324	0.014
9	-838.237525471618	0.022
9	-869.880198684263	0.02
9	-905.399982011319	0.033
9	-991.816007130355	0.039
9	-1045.46588129627	0.046
9	-1108.88399829611	0.049
9	-1185.44687701202	0.04
9	-1280.42893393276	0.114
9	-1337.36441669896	0.065
9	-1402.63964866248	0.077
9	-1568.19878948887	8.976
9	-1608.938031864	0.627
9	-1810.79996402264	0.249
9	-1841.75611503279	0.014
9	-1874.35606829569	0.01
9	-1908.75075775416	0.08
9	-1945.11125653904	0.014
9	-2024.53596945426	0.108
10	-3.96726402852142	1.459
10	-6.27279520469145	0.399
10	-9.91816007130355	0.654
10	-11.85446866918	0.676
10	-13.023182194946	0.921
10	-14.0263964866248	0.692
10	-16.0893802176925	0.646
10	-17.0095041944548	0.594
10	-18.108	0.27
10	-20.2453594682831	0.385
10	-25.608579187452	0.439
10	-29.9043777883622	0.386
10	-33.0605335710118	0.445
10	-35.0659912165619	0.398
10	-37.487121445714	0.27
10	-40.4907189365662	0.437
10	-44.3553602623178	0.524
10	-49.5908003565177	0.497
10	-57.262523870329	0.832
10	-65.3984108303133	0.762
10	-62.7279520469145	0.328
10	-70.1319824331239	0.388
10	-76.0688152847376	0.684
10	-80.9814378731324	0.853
10	-83.8237518334068	0.942
10	-86.9880182730755	1.06
10	-90.54	1.214
10	-94.5659458213733	0.132
10	-99.1816007130355	3.505
10	-104.546586744857	0.581
10	-110.888400655794	0.053
10	-118.5446866918	0.043
10	-121.169610494805	0.06
10	-130.23182194946	0.031
10	-140.263964866248	0.123
10	-151.250523120372	2.906
10	-156.819880117286	3.669
10	-160.893802176925	0.074
10	-170.095041944548	0.106
10	-181.08	1.319
10	-187.43560722857	0.081
10	-190.875079567763	0.043
10	-194.511122086591	0.086
10	-198.363201426071	0.017
10	-202.453594682831	0.05
10	-206.807933579213	1.459
10	-211.455883213153	0.399
10	-216.431996578272	0.654
10	-221.776801311589	0.676
10	-233.77327477708	0.921
10	-247.954001782589	0.692
10	-265.073977814281	0.646
10	-286.312619351645	0.594
10	-313.639760234572	0.27
10	-330.605335710118	0.385
10	-350.65991216562	0.439
10	-374.87121445714	0.386
10	-404.907189365662	0.445
10	-443.553602623178	0.398
10	-495.908003565177	0.27
10	-530.147955628561	0.437
10	-572.62523870329	0.524
10	-592.723438506012	0.497
10	-615.098187309544	0.832
10	-640.214466966382	0.762
10	-668.682208349479	0.328
10	-701.319824331239	0.388
10	-719.538962166526	0.684
10	-739.256014163761	0.853
10	-760.688142179012	0.942
10	-784.099394744435	1.06
10	-809.814378731324	1.214
10	-838.237525471618	0.132
10	-869.880198684263	3.505
10	-905.399982011319	0.581
10	-991.816007130355	0.053
10	-1045.46588129627	0.043
10	-1108.88399829611	0.06
10	-1185.44687701202	0.031
10	-1280.42893393276	0.123
10	-1337.36441669896	2.906
10	-1402.63964866248	3.669
10	-1568.19878948887	0.074
10	-1608.938031864	0.106
10	-1810.79996402264	1.319
10	-1841.75611503279	0.081
10	-1874.35606829569	0.043
10	-1908.75075775416	0.086
10	-1945.11125653904	0.017
10	-2024.53596945426	0.05
11	-3.96726402852142	1.056
11	-6.27279520469145	0.954
11	-9.91816007130355	1.358
11	-11.85446866918	0.374
11	-13.023182194946	0.855
11	-14.0263964866248	1.542
11	-16.0893802176925	1.399
11	-17.0095041944548	1.254
11	-18.108	1.546
11	-20.2453594682831	2.018
11	-25.608579187452	2.132
11	-29.9043777883622	2.427
11	-33.0605335710118	2.29
11	-35.0659912165619	1.284
11	-37.487121445714	2.294
11	-40.4907189365662	1.225
11	-44.3553602623178	1.384
11	-49.5908003565177	2.81
11	-57.262523870329	1.218
11	-65.3984108303133	1.864
11	-62.7279520469145	2.96
11	-70.1319824331239	1.776
11	-76.0688152847376	1.495
11	-80.9814378731324	1.18
11	-83.8237518334068	0.858
11	-86.9880182730755	0.767
11	-90.54	1.84
11	-94.5659458213733	1.982
11	-99.1816007130355	2.852
11	-104.546586744857	3.276
11	-110.888400655794	2.388
11	-118.5446866918	3.677
11	-121.169610494805	4.051
11	-130.23182194946	3.108
11	-140.263964866248	8.502
11	-151.250523120372	3.906
11	-156.819880117286	2.457
11	-160.893802176925	0.115
11	-170.095041944548	0.115
11	-181.08	0.21
11	-187.43560722857	0.014
11	-190.875079567763	0.011
11	-194.511122086591	0.118
11	-198.363201426071	0.026
11	-202.453594682831	0.09
11	-206.807933579213	1.056
11	-211.455883213153	0.954
11	-216.431996578272	1.358
11	-221.776801311589	0.374
11	-233.77327477708	0.855
11	-247.954001782589	1.542
11	-265.073977814281	1.399
11	-286.312619351645	1.254
11	-313.639760234572	1.546
11	-330.605335710118	2.018
11	-350.65991216562	2.132
11	-374.87121445714	2.427
11	-404.907189365662	2.29
11	-443.553602623178	1.284
11	-495.908003565177	2.294
11	-530.147955628561	1.225
11	-572.62523870329	1.384
11	-592.723438506012	2.81
11	-615.098187309544	1.218
11	-640.214466966382	1.864
11	-668.682208349479	2.96
11	-701.319824331239	1.776
11	-719.538962166526	1.495
11	-739.256014163761	1.18
11	-760.688142179012	0.858
11	-784.099394744435	0.767
11	-809.814378731324	1.84
11	-838.237525471618	1.982
11	-869.880198684263	2.852
11	-905.399982011319	3.276
11	-991.816007130355	2.388
11	-1045.46588129627	3.677
11	-1108.88399829611	4.051
11	-1185.44687701202	3.108
11	-1280.42893393276	8.502
11	-1337.36441669896	3.906
11	-1402.63964866248	2.457
11	-1568.19878948887	0.115
11	-1608.938031864	0.115
11	-1810.79996402264	0.21
11	-1841.75611503279	0.014
11	-1874.35606829569	0.011
11	-1908.75075775416	0.118
11	-1945.11125653904	0.026
11	-2024.53596945426	0.09
12	-3.96726402852142	1.024
12	-6.27279520469145	1.251
12	-9.91816007130355	0.926
12	-11.85446866918	1.11
12	-13.023182194946	0.987
12	-14.0263964866248	1.867
12	-16.0893802176925	0.525
12	-17.0095041944548	0.882
12	-18.108	0.308
12	-20.2453594682831	0.522
12	-25.608579187452	0.303
12	-29.9043777883622	0.303
12	-33.0605335710118	0.264
12	-35.0659912165619	0.327
12	-37.487121445714	0.247
12	-40.4907189365662	0.47
12	-44.3553602623178	0.479
12	-49.5908003565177	0.233
12	-57.262523870329	0.91
12	-65.3984108303133	0.711
12	-62.7279520469145	0.342
12	-70.1319824331239	0.546
12	-76.0688152847376	0.869
12	-80.9814378731324	0.948
12	-83.8237518334068	1.036
12	-86.9880182730755	1.061
12	-90.54	1.623
12	-94.5659458213733	0.028
12	-99.1816007130355	0.026
12	-104.546586744857	0.125
12	-110.888400655794	0.053
12	-118.5446866918	0.043
12	-121.169610494805	0.041
12	-130.23182194946	0.049
12	-140.263964866248	0.105
12	-151.250523120372	0.248
12	-156.819880117286	0.083
12	-160.893802176925	0.069
12	-170.095041944548	0.115
12	-181.08	0.229
12	-187.43560722857	0.017
12	-190.875079567763	0.01
12	-194.511122086591	0.059
12	-198.363201426071	0.017
12	-202.453594682831	0.05
12	-206.807933579213	1.024
12	-211.455883213153	1.251
12	-216.431996578272	0.926
12	-221.776801311589	1.11
12	-233.77327477708	0.987
12	-247.954001782589	1.867
12	-265.073977814281	0.525
12	-286.312619351645	0.882
12	-313.639760234572	0.308
12	-330.605335710118	0.522
12	-350.65991216562	0.303
12	-374.87121445714	0.303
12	-404.907189365662	0.264
12	-443.553602623178	0.327
12	-495.908003565177	0.247
12	-530.147955628561	0.47
12	-572.62523870329	0.479
12	-592.723438506012	0.233
12	-615.098187309544	0.91
12	-640.214466966382	0.711
12	-668.682208349479	0.342
12	-701.319824331239	0.546
12	-719.538962166526	0.869
12	-739.256014163761	0.948
12	-760.688142179012	1.036
12	-784.099394744435	1.061
12	-809.814378731324	1.623
12	-838.237525471618	0.028
12	-869.880198684263	0.026
12	-905.399982011319	0.125
12	-991.816007130355	0.053
12	-1045.46588129627	0.043
12	-1108.88399829611	0.041
12	-1185.44687701202	0.049
12	-1280.42893393276	0.105
12	-1337.36441669896	0.248
12	-1402.63964866248	0.083
12	-1568.19878948887	0.069
12	-1608.938031864	0.115
12	-1810.79996402264	0.229
12	-1841.75611503279	0.017
12	-1874.35606829569	0.01
12	-1908.75075775416	0.059
12	-1945.11125653904	0.017
12	-2024.53596945426	0.05
13	-3.96726402852142	0.925
13	-6.27279520469145	1.056
13	-9.91816007130355	0.926
13	-11.85446866918	1.146
13	-13.023182194946	1.162
13	-14.0263964866248	0.713
13	-16.0893802176925	0.471
13	-17.0095041944548	0.808
13	-18.108	0.263
13	-20.2453594682831	0.287
13	-25.608579187452	0.328
13	-29.9043777883622	0.36
13	-33.0605335710118	0.547
13	-35.0659912165619	0.244
13	-37.487121445714	0.399
13	-40.4907189365662	0.644
13	-44.3553602623178	0.91
13	-49.5908003565177	0.247
13	-57.262523870329	0.925
13	-65.3984108303133	0.731
13	-62.7279520469145	0.283
13	-70.1319824331239	0.568
13	-76.0688152847376	0.883
13	-80.9814378731324	0.875
13	-83.8237518334068	0.954
13	-86.9880182730755	1.068
13	-90.54	0.013
13	-94.5659458213733	0.02
13	-99.1816007130355	0.023
13	-104.546586744857	0.043
13	-110.888400655794	0.05
13	-118.5446866918	0.05
13	-121.169610494805	0.041
13	-130.23182194946	0.046
13	-140.263964866248	0.114
13	-151.250523120372	0.043
13	-156.819880117286	0.077
13	-160.893802176925	0.074
13	-170.095041944548	0.106
13	-181.08	1.625
13	-187.43560722857	3.833
13	-190.875079567763	3.494
13	-194.511122086591	3.259
13	-198.363201426071	2.992
13	-202.453594682831	0.079
13	-206.807933579213	0.925
13	-211.455883213153	1.056
13	-216.431996578272	0.926
13	-221.776801311589	1.146
13	-233.77327477708	1.162
13	-247.954001782589	0.713
13	-265.073977814281	0.471
13	-286.312619351645	0.808
13	-313.639760234572	0.263
13	-330.605335710118	0.287
13	-350.65991216562	0.328
13	-374.87121445714	0.36
13	-404.907189365662	0.547
13	-443.553602623178	0.244
13	-495.908003565177	0.399
13	-530.147955628561	0.644
13	-572.62523870329	0.91
13	-592.723438506012	0.247
13	-615.098187309544	0.925
13	-640.214466966382	0.731
13	-668.682208349479	0.283
13	-701.319824331239	0.568
13	-719.538962166526	0.883
13	-739.256014163761	0.875
13	-760.688142179012	0.954
13	-784.099394744435	1.068
13	-809.814378731324	0.013
13	-838.237525471618	0.02
13	-869.880198684263	0.023
13	-905.399982011319	0.043
13	-991.816007130355	0.05
13	-1045.46588129627	0.05
13	-1108.88399829611	0.041
13	-1185.44687701202	0.046
13	-1280.42893393276	0.114
13	-1337.36441669896	0.043
13	-1402.63964866248	0.077
13	-1568.19878948887	0.074
13	-1608.938031864	0.106
13	-1810.79996402264	1.625
13	-1841.75611503279	3.833
13	-1874.35606829569	3.494
13	-1908.75075775416	3.259
13	-1945.11125653904	2.992
13	-2024.53596945426	0.079
14	-3.96726402852142	1.27
14	-6.27279520469145	0.813
14	-9.91816007130355	1.66
14	-11.85446866918	1.255
14	-13.023182194946	1.396
14	-14.0263964866248	1.416
14	-16.0893802176925	1.816
14	-17.0095041944548	1.133
14	-18.108	2.066
14	-20.2453594682831	1.887
14	-25.608579187452	2.33
14	-29.9043777883622	2.33
14	-33.0605335710118	2.115
14	-35.0659912165619	2.068
14	-37.487121445714	2.173
14	-40.4907189365662	2.461
14	-44.3553602623178	1.584
14	-49.5908003565177	2.438
14	-57.262523870329	1.286
14	-65.3984108303133	1.769
14	-62.7279520469145	2.384
14	-70.1319824331239	1.528
14	-76.0688152847376	0.804
14	-80.9814378731324	1.23
14	-83.8237518334068	1.285
14	-86.9880182730755	1.251
14	-90.54	1.655
14	-94.5659458213733	2.281
14	-99.1816007130355	2.171
14	-104.546586744857	2.803
14	-110.888400655794	2.466
14	-118.5446866918	2.389
14	-121.169610494805	0.049
14	-130.23182194946	0.043
14	-140.263964866248	0.105
14	-151.250523120372	0.054
14	-156.819880117286	0.107
14	-160.893802176925	0.063
14	-170.095041944548	0.132
14	-181.08	0.268
14	-187.43560722857	0.016
14	-190.875079567763	0.011
14	-194.511122086591	0.091
14	-198.363201426071	0.017
14	-202.453594682831	0.047
14	-206.807933579213	1.27
14	-211.455883213153	0.813
14	-216.431996578272	1.66
14	-221.776801311589	1.255
14	-233.77327477708	1.396
14	-247.954001782589	1.416
14	-265.073977814281	1.816
14	-286.312619351645	1.133
14	-313.639760234572	2.066
14	-330.605335710118	1.887
14	-350.65991216562	2.33
14	-374.87121445714	2.33
14	-404.907189365662	2.115
14	-443.553602623178	2.068
14	-495.908003565177	2.173
14	-530.147955628561	2.461
14	-572.62523870329	1.584
14	-592.723438506012	2.438
14	-615.098187309544	1.286
14	-640.214466966382	1.769
14	-668.682208349479	2.384
14	-701.319824331239	1.528
14	-719.538962166526	0.804
14	-739.256014163761	1.23
14	-760.688142179012	1.285
14	-784.099394744435	1.251
14	-809.814378731324	1.655
14	-838.237525471618	2.281
14	-869.880198684263	2.171
14	-905.399982011319	2.803
14	-991.816007130355	2.466
14	-1045.46588129627	2.389
14	-1108.88399829611	0.049
14	-1185.44687701202	0.043
14	-1280.42893393276	0.105
14	-1337.36441669896	0.054
14	-1402.63964866248	0.107
14	-1568.19878948887	0.063
14	-1608.938031864	0.132
14	-1810.79996402264	0.268
14	-1841.75611503279	0.016
14	-1874.35606829569	0.011
14	-1908.75075775416	0.091
14	-1945.11125653904	0.017
14	-2024.53596945426	0.047
15	-3.96726402852142	0.921
15	-6.27279520469145	1.119
15	-9.91816007130355	0.755
15	-11.85446866918	0.76
15	-13.023182194946	0.811
15	-14.0263964866248	0.535
15	-16.0893802176925	0.431
15	-17.0095041944548	0.734
15	-18.108	0.27
15	-20.2453594682831	0.601
15	-25.608579187452	0.216
15	-29.9043777883622	0.444
15	-33.0605335710118	0.367
15	-35.0659912165619	0.594
15	-37.487121445714	0.338
15	-40.4907189365662	0.3
15	-44.3553602623178	0.739
15	-49.5908003565177	0.282
15	-57.262523870329	1.009
15	-65.3984108303133	0.781
15	-62.7279520469145	0.28
15	-70.1319824331239	0.509
15	-76.0688152847376	0.726
15	-80.9814378731324	0.951
15	-83.8237518334068	1.031
15	-86.9880182730755	1.137
15	-90.54	1.574
15	-94.5659458213733	2.377
15	-99.1816007130355	0.108
15	-104.546586744857	0.035
15	-110.888400655794	0.042
15	-118.5446866918	0.039
15	-121.169610494805	0.045
15	-130.23182194946	0.058
15	-140.263964866248	0.105
15	-151.250523120372	5.13
15	-156.819880117286	0.928
15	-160.893802176925	0.08
15	-170.095041944548	0.106
15	-181.08	0.229
15	-187.43560722857	0.015
15	-190.875079567763	0.786
15	-194.511122086591	0.193
15	-198.363201426071	0.017
15	-202.453594682831	0.047
15	-206.807933579213	0.921
15	-211.455883213153	1.119
15	-216.431996578272	0.755
15	-221.776801311589	0.76
15	-233.77327477708	0.811
15	-247.954001782589	0.535
15	-265.073977814281	0.431
15	-286.312619351645	0.734
15	-313.639760234572	0.27
15	-330.605335710118	0.601
15	-350.65991216562	0.216
15	-374.87121445714	0.444
15	-404.907189365662	0.367
15	-443.553602623178	0.594
15	-495.908003565177	0.338
15	-530.147955628561	0.3
15	-572.62523870329	0.739
15	-592.723438506012	0.282
15	-615.098187309544	1.009
15	-640.214466966382	0.781
15	-668.682208349479	0.28
15	-701.319824331239	0.509
15	-719.538962166526	0.726
15	-739.256014163761	0.951
15	-760.688142179012	1.031
15	-784.099394744435	1.137
15	-809.814378731324	1.574
15	-838.237525471618	2.377
15	-869.880198684263	0.108
15	-905.399982011319	0.035
15	-991.816007130355	0.042
15	-1045.46588129627	0.039
15	-1108.88399829611	0.045
15	-1185.44687701202	0.058
15	-1280.42893393276	0.105
15	-1337.36441669896	5.13
15	-1402.63964866248	0.928
15	-1568.19878948887	0.08
15	-1608.938031864	0.106
15	-1810.79996402264	0.229
15	-1841.75611503279	0.015
15	-1874.35606829569	0.786
15	-1908.75075775416	0.193
15	-1945.11125653904	0.017
15	-2024.53596945426	0.047
16	-3.96726402852142	1.052
16	-6.27279520469145	0.477
16	-9.91816007130355	0.724
16	-11.85446866918	0.821
16	-13.023182194946	0.789
16	-14.0263964866248	0.629
16	-16.0893802176925	0.552
16	-17.0095041944548	0.975
16	-18.108	0.18
16	-20.2453594682831	0.555
16	-25.608579187452	0.272
16	-29.9043777883622	0.303
16	-33.0605335710118	0.523
16	-35.0659912165619	0.345
16	-37.487121445714	0.33
16	-40.4907189365662	0.34
16	-44.3553602623178	0.474
16	-49.5908003565177	0.334
16	-57.262523870329	0.916
16	-65.3984108303133	0.692
16	-62.7279520469145	0.304
16	-70.1319824331239	0.4
16	-76.0688152847376	0.98
16	-80.9814378731324	1.039
16	-83.8237518334068	1.149
16	-86.9880182730755	1.153
16	-90.54	0.021
16	-94.5659458213733	0.023
16	-99.1816007130355	0.024
16	-104.546586744857	0.045
16	-110.888400655794	0.032
16	-118.5446866918	0.046
16	-121.169610494805	0.181
16	-130.23182194946	0.522
16	-140.263964866248	0.333
16	-151.250523120372	0.065
16	-156.819880117286	0.077
16	-160.893802176925	0.057
16	-170.095041944548	3.222
16	-181.08	3.304
16	-187.43560722857	0.05
16	-190.875079567763	4.246
16	-194.511122086591	3.014
16	-198.363201426071	5.351
16	-202.453594682831	0.148
16	-206.807933579213	1.052
16	-211.455883213153	0.477
16	-216.431996578272	0.724
16	-221.776801311589	0.821
16	-233.77327477708	0.789
16	-247.954001782589	0.629
16	-265.073977814281	0.552
16	-286.312619351645	0.975
16	-313.639760234572	0.18
16	-330.605335710118	0.555
16	-350.65991216562	0.272
16	-374.87121445714	0.303
16	-404.907189365662	0.523
16	-443.553602623178	0.345
16	-495.908003565177	0.33
16	-530.147955628561	0.34
16	-572.62523870329	0.474
16	-592.723438506012	0.334
16	-615.098187309544	0.916
16	-640.214466966382	0.692
16	-668.682208349479	0.304
16	-701.319824331239	0.4
16	-719.538962166526	0.98
16	-739.256014163761	1.039
16	-760.688142179012	1.149
16	-784.099394744435	1.153
16	-809.814378731324	0.021
16	-838.237525471618	0.023
16	-869.880198684263	0.024
16	-905.399982011319	0.045
16	-991.816007130355	0.032
16	-1045.46588129627	0.046
16	-1108.88399829611	0.181
16	-1185.44687701202	0.522
16	-1280.42893393276	0.333
16	-1337.36441669896	0.065
16	-1402.63964866248	0.077
16	-1568.19878948887	0.057
16	-1608.938031864	3.222
16	-1810.79996402264	3.304
16	-1841.75611503279	0.05
16	-1874.35606829569	4.246
16	-1908.75075775416	3.014
16	-1945.11125653904	5.351
16	-2024.53596945426	0.148
17	-3.96726402852142	0.732
17	-6.27279520469145	0.939
17	-9.91816007130355	0.734
17	-11.85446866918	0.676
17	-13.023182194946	0.862
17	-14.0263964866248	0.482
17	-16.0893802176925	0.404
17	-17.0095041944548	0.78
17	-18.108	0.289
17	-20.2453594682831	0.235
17	-25.608579187452	0.439
17	-29.9043777883622	0.335
17	-33.0605335710118	0.481
17	-35.0659912165619	0.523
17	-37.487121445714	0.399
17	-40.4907189365662	0.688
17	-44.3553602623178	0.862
17	-49.5908003565177	0.327
17	-57.262523870329	0.918
17	-65.3984108303133	0.72
17	-62.7279520469145	0.909
17	-70.1319824331239	3.245
17	-76.0688152847376	1.813
17	-80.9814378731324	1.659
17	-83.8237518334068	1.573
17	-86.9880182730755	2.15
17	-90.54	2.246
17	-94.5659458213733	1.418
17	-99.1816007130355	0.034
17	-104.546586744857	0.043
17	-110.888400655794	0.057
17	-118.5446866918	0.05
17	-121.169610494805	0.06
17	-130.23182194946	0.043
17	-140.263964866248	0.158
17	-151.250523120372	0.092
17	-156.819880117286	0.077
17	-160.893802176925	0.063
17	-170.095041944548	0.115
17	-181.08	0.191
17	-187.43560722857	0.278
17	-190.875079567763	2.633
17	-194.511122086591	0.198
17	-198.363201426071	0.031
17	-202.453594682831	0.047
17	-206.807933579213	0.732
17	-211.455883213153	0.939
17	-216.431996578272	0.734
17	-221.776801311589	0.676
17	-233.77327477708	0.862
17	-247.954001782589	0.482
17	-265.073977814281	0.404
17	-286.312619351645	0.78
17	-313.639760234572	0.289
17	-330.605335710118	0.235
17	-350.65991216562	0.439
17	-374.87121445714	0.335
17	-404.907189365662	0.481
17	-443.553602623178	0.523
17	-495.908003565177	0.399
17	-530.147955628561	0.688
17	-572.62523870329	0.862
17	-592.723438506012	0.327
17	-615.098187309544	0.918
17	-640.214466966382	0.72
17	-668.682208349479	0.909
17	-701.319824331239	3.245
17	-719.538962166526	1.813
17	-739.256014163761	1.659
17	-760.688142179012	1.573
17	-784.099394744435	2.15
17	-809.814378731324	2.246
17	-838.237525471618	1.418
17	-869.880198684263	0.034
17	-905.399982011319	0.043
17	-991.816007130355	0.057
17	-1045.46588129627	0.05
17	-1108.88399829611	0.06
17	-1185.44687701202	0.043
17	-1280.42893393276	0.158
17	-1337.36441669896	0.092
17	-1402.63964866248	0.077
17	-1568.19878948887	0.063
17	-1608.938031864	0.115
17	-1810.79996402264	0.191
17	-1841.75611503279	0.278
17	-1874.35606829569	2.633
17	-1908.75075775416	0.198
17	-1945.11125653904	0.031
17	-2024.53596945426	0.047
18	-3.96726402852142	1.104
18	-6.27279520469145	1.251
18	-9.91816007130355	1.046
18	-11.85446866918	1.11
18	-13.023182194946	1.301
18	-14.0263964866248	1.091
18	-16.0893802176925	2.395
18	-17.0095041944548	1.699
18	-18.108	2.143
18	-20.2453594682831	2.344
18	-25.608579187452	1.446
18	-29.9043777883622	0.386
18	-33.0605335710118	0.445
18	-35.0659912165619	0.582
18	-37.487121445714	0.38
18	-40.4907189365662	0.522
18	-44.3553602623178	1.031
18	-49.5908003565177	0.167
18	-57.262523870329	1.058
18	-65.3984108303133	0.781
18	-62.7279520469145	0.221
18	-70.1319824331239	0.66
18	-76.0688152847376	1.053
18	-80.9814378731324	1.269
18	-83.8237518334068	1.329
18	-86.9880182730755	1.517
18	-90.54	0.028
18	-94.5659458213733	0.025
18	-99.1816007130355	0.023
18	-104.546586744857	0.035
18	-110.888400655794	0.05
18	-118.5446866918	0.035
18	-121.169610494805	0.041
18	-130.23182194946	0.037
18	-140.263964866248	0.114
18	-151.250523120372	0.086
18	-156.819880117286	0.196
18	-160.893802176925	0.057
18	-170.095041944548	0.097
18	-181.08	0.21
18	-187.43560722857	0.014
18	-190.875079567763	0.763
18	-194.511122086591	0.08
18	-198.363201426071	0.133
18	-202.453594682831	0.054
18	-206.807933579213	1.104
18	-211.455883213153	1.251
18	-216.431996578272	1.046
18	-221.776801311589	1.11
18	-233.77327477708	1.301
18	-247.954001782589	1.091
18	-265.073977814281	2.395
18	-286.312619351645	1.699
18	-313.639760234572	2.143
18	-330.605335710118	2.344
18	-350.65991216562	1.446
18	-374.87121445714	0.386
18	-404.907189365662	0.445
18	-443.553602623178	0.582
18	-495.908003565177	0.38
18	-530.147955628561	0.522
18	-572.62523870329	1.031
18	-592.723438506012	0.167
18	-615.098187309544	1.058
18	-640.214466966382	0.781
18	-668.682208349479	0.221
18	-701.319824331239	0.66
18	-719.538962166526	1.053
18	-739.256014163761	1.269
18	-760.688142179012	1.329
18	-784.099394744435	1.517
18	-809.814378731324	0.028
18	-838.237525471618	0.025
18	-869.880198684263	0.023
18	-905.399982011319	0.035
18	-991.816007130355	0.05
18	-1045.46588129627	0.035
18	-1108.88399829611	0.041
18	-1185.44687701202	0.037
18	-1280.42893393276	0.114
18	-1337.36441669896	0.086
18	-1402.63964866248	0.196
18	-1568.19878948887	0.057
18	-1608.938031864	0.097
18	-1810.79996402264	0.21
18	-1841.75611503279	0.014
18	-1874.35606829569	0.763
18	-1908.75075775416	0.08
18	-1945.11125653904	0.133
18	-2024.53596945426	0.054
19	-3.96726402852142	0.782
19	-6.27279520469145	1.533
19	-9.91816007130355	0.614
19	-11.85446866918	0.736
19	-13.023182194946	0.497
19	-14.0263964866248	0.524
19	-16.0893802176925	0.404
19	-17.0095041944548	0.734
19	-18.108	0.212
19	-20.2453594682831	0.398
19	-25.608579187452	0.229
19	-29.9043777883622	0.367
19	-33.0605335710118	0.433
19	-35.0659912165619	0.386
19	-37.487121445714	0.292
19	-40.4907189365662	0.415
19	-44.3553602623178	0.502
19	-49.5908003565177	0.191
19	-57.262523870329	0.715
19	-65.3984108303133	0.55
19	-62.7279520469145	0.233
19	-70.1319824331239	0.453
19	-76.0688152847376	0.694
19	-80.9814378731324	0.795
19	-83.8237518334068	0.747
19	-86.9880182730755	0.072
19	-90.54	0.014
19	-94.5659458213733	0.022
19	-99.1816007130355	0.02
19	-104.546586744857	0.033
19	-110.888400655794	0.039
19	-118.5446866918	0.046
19	-121.169610494805	0.049
19	-130.23182194946	0.04
19	-140.263964866248	0.114
19	-151.250523120372	0.065
19	-156.819880117286	0.077
19	-160.893802176925	8.976
19	-170.095041944548	0.627
19	-181.08	0.249
19	-187.43560722857	0.014
19	-190.875079567763	0.01
19	-194.511122086591	0.08
19	-198.363201426071	0.014
19	-202.453594682831	0.108
19	-206.807933579213	0.782
19	-211.455883213153	1.533
19	-216.431996578272	0.614
19	-221.776801311589	0.736
19	-233.77327477708	0.497
19	-247.954001782589	0.524
19	-265.073977814281	0.404
19	-286.312619351645	0.734
19	-313.639760234572	0.212
19	-330.605335710118	0.398
19	-350.65991216562	0.229
19	-374.87121445714	0.367
19	-404.907189365662	0.433
19	-443.553602623178	0.386
19	-495.908003565177	0.292
19	-530.147955628561	0.415
19	-572.62523870329	0.502
19	-592.723438506012	0.191
19	-615.098187309544	0.715
19	-640.214466966382	0.55
19	-668.682208349479	0.233
19	-701.319824331239	0.453
19	-719.538962166526	0.694
19	-739.256014163761	0.795
19	-760.688142179012	0.747
19	-784.099394744435	0.072
19	-809.814378731324	0.014
19	-838.237525471618	0.022
19	-869.880198684263	0.02
19	-905.399982011319	0.033
19	-991.816007130355	0.039
19	-1045.46588129627	0.046
19	-1108.88399829611	0.049
19	-1185.44687701202	0.04
19	-1280.42893393276	0.114
19	-1337.36441669896	0.065
19	-1402.63964866248	0.077
19	-1568.19878948887	8.976
19	-1608.938031864	0.627
19	-1810.79996402264	0.249
19	-1841.75611503279	0.014
19	-1874.35606829569	0.01
19	-1908.75075775416	0.08
19	-1945.11125653904	0.014
19	-2024.53596945426	0.108
20	-3.96726402852142	1.459
20	-6.27279520469145	0.399
20	-9.91816007130355	0.654
20	-11.85446866918	0.676
20	-13.023182194946	0.921
20	-14.0263964866248	0.692
20	-16.0893802176925	0.646
20	-17.0095041944548	0.594
20	-18.108	0.27
20	-20.2453594682831	0.385
20	-25.608579187452	0.439
20	-29.9043777883622	0.386
20	-33.0605335710118	0.445
20	-35.0659912165619	0.398
20	-37.487121445714	0.27
20	-40.4907189365662	0.437
20	-44.3553602623178	0.524
20	-49.5908003565177	0.497
20	-57.262523870329	0.832
20	-65.3984108303133	0.762
20	-62.7279520469145	0.328
20	-70.1319824331239	0.388
20	-76.0688152847376	0.684
20	-80.9814378731324	0.853
20	-83.8237518334068	0.942
20	-86.9880182730755	1.06
20	-90.54	1.214
20	-94.5659458213733	0.132
20	-99.1816007130355	3.505
20	-104.546586744857	0.581
20	-110.888400655794	0.053
20	-118.5446866918	0.043
20	-121.169610494805	0.06
20	-130.23182194946	0.031
20	-140.263964866248	0.123
20	-151.250523120372	2.906
20	-156.819880117286	3.669
20	-160.893802176925	0.074
20	-170.095041944548	0.106
20	-181.08	1.319
20	-187.43560722857	0.081
20	-190.875079567763	0.043
20	-194.511122086591	0.086
20	-198.363201426071	0.017
20	-202.453594682831	0.05
20	-206.807933579213	1.459
20	-211.455883213153	0.399
20	-216.431996578272	0.654
20	-221.776801311589	0.676
20	-233.77327477708	0.921
20	-247.954001782589	0.692
20	-265.073977814281	0.646
20	-286.312619351645	0.594
20	-313.639760234572	0.27
20	-330.605335710118	0.385
20	-350.65991216562	0.439
20	-374.87121445714	0.386
20	-404.907189365662	0.445
20	-443.553602623178	0.398
20	-495.908003565177	0.27
20	-530.147955628561	0.437
20	-572.62523870329	0.524
20	-592.723438506012	0.497
20	-615.098187309544	0.832
20	-640.214466966382	0.762
20	-668.682208349479	0.328
20	-701.319824331239	0.388
20	-719.538962166526	0.684
20	-739.256014163761	0.853
20	-760.688142179012	0.942
20	-784.099394744435	1.06
20	-809.814378731324	1.214
20	-838.237525471618	0.132
20	-869.880198684263	3.505
20	-905.399982011319	0.581
20	-991.816007130355	0.053
20	-1045.46588129627	0.043
20	-1108.88399829611	0.06
20	-1185.44687701202	0.031
20	-1280.42893393276	0.123
20	-1337.36441669896	2.906
20	-1402.63964866248	3.669
20	-1568.19878948887	0.074
20	-1608.938031864	0.106
20	-1810.79996402264	1.319
20	-1841.75611503279	0.081
20	-1874.35606829569	0.043
20	-1908.75075775416	0.086
20	-1945.11125653904	0.017
20	-2024.53596945426	0.05
21	-3.96726402852142	1.056
21	-6.27279520469145	0.954
21	-9.91816007130355	1.358
21	-11.85446866918	0.374
21	-13.023182194946	0.855
21	-14.0263964866248	1.542
21	-16.0893802176925	1.399
21	-17.0095041944548	1.254
21	-18.108	1.546
21	-20.2453594682831	2.018
21	-25.608579187452	2.132
21	-29.9043777883622	2.427
21	-33.0605335710118	2.29
21	-35.0659912165619	1.284
21	-37.487121445714	2.294
21	-40.4907189365662	1.225
21	-44.3553602623178	1.384
21	-49.5908003565177	2.81
21	-57.262523870329	1.218
21	-65.3984108303133	1.864
21	-62.7279520469145	2.96
21	-70.1319824331239	1.776
21	-76.0688152847376	1.495
21	-80.9814378731324	1.18
21	-83.8237518334068	0.858
21	-86.9880182730755	0.767
21	-90.54	1.84
21	-94.5659458213733	1.982
21	-99.1816007130355	2.852
21	-104.546586744857	3.276
21	-110.888400655794	2.388
21	-118.5446866918	3.677
21	-121.169610494805	4.051
21	-130.23182194946	3.108
21	-140.263964866248	8.502
21	-151.250523120372	3.906
21	-156.819880117286	2.457
21	-160.893802176925	0.115
21	-170.095041944548	0.115
21	-181.08	0.21
21	-187.43560722857	0.014
21	-190.875079567763	0.011
21	-194.511122086591	0.118
21	-198.363201426071	0.026
21	-202.453594682831	0.09
21	-206.807933579213	1.056
21	-211.455883213153	0.954
21	-216.431996578272	1.358
21	-221.776801311589	0.374
21	-233.77327477708	0.855
21	-247.954001782589	1.542
21	-265.073977814281	1.399
21	-286.312619351645	1.254
21	-313.639760234572	1.546
21	-330.605335710118	2.018
21	-350.65991216562	2.132
21	-374.87121445714	2.427
21	-404.907189365662	2.29
21	-443.553602623178	1.284
21	-495.908003565177	2.294
21	-530.147955628561	1.225
21	-572.62523870329	1.384
21	-592.723438506012	2.81
21	-615.098187309544	1.218
21	-640.214466966382	1.864
21	-668.682208349479	2.96
21	-701.319824331239	1.776
21	-719.538962166526	1.495
21	-739.256014163761	1.18
21	-760.688142179012	0.858
21	-784.099394744435	0.767
21	-809.814378731324	1.84
21	-838.237525471618	1.982
21	-869.880198684263	2.852
21	-905.399982011319	3.276
21	-991.816007130355	2.388
21	-1045.46588129627	3.677
21	-1108.88399829611	4.051
21	-1185.44687701202	3.108
21	-1280.42893393276	8.502
21	-1337.36441669896	3.906
21	-1402.63964866248	2.457
21	-1568.19878948887	0.115
21	-1608.938031864	0.115
21	-1810.79996402264	0.21
21	-1841.75611503279	0.014
21	-1874.35606829569	0.011
21	-1908.75075775416	0.118
21	-1945.11125653904	0.026
21	-2024.53596945426	0.09
22	-3.96726402852142	1.024
22	-6.27279520469145	1.251
22	-9.91816007130355	0.926
22	-11.85446866918	1.11
22	-13.023182194946	0.987
22	-14.0263964866248	1.867
22	-16.0893802176925	0.525
22	-17.0095041944548	0.882
22	-18.108	0.308
22	-20.2453594682831	0.522
22	-25.608579187452	0.303
22	-29.9043777883622	0.303
22	-33.0605335710118	0.264
22	-35.0659912165619	0.327
22	-37.487121445714	0.247
22	-40.4907189365662	0.47
22	-44.3553602623178	0.479
22	-49.5908003565177	0.233
22	-57.262523870329	0.91
22	-65.3984108303133	0.711
22	-62.7279520469145	0.342
22	-70.1319824331239	0.546
22	-76.0688152847376	0.869
22	-80.9814378731324	0.948
22	-83.8237518334068	1.036
22	-86.9880182730755	1.061
22	-90.54	1.623
22	-94.5659458213733	0.028
22	-99.1816007130355	0.026
22	-104.546586744857	0.125
22	-110.888400655794	0.053
22	-118.5446866918	0.043
22	-121.169610494805	0.041
22	-130.23182194946	0.049
22	-140.263964866248	0.105
22	-151.250523120372	0.248
22	-156.819880117286	0.083
22	-160.893802176925	0.069
22	-170.095041944548	0.115
22	-181.08	0.229
22	-187.43560722857	0.017
22	-190.875079567763	0.01
22	-194.511122086591	0.059
22	-198.363201426071	0.017
22	-202.453594682831	0.05
22	-206.807933579213	1.024
22	-211.455883213153	1.251
22	-216.431996578272	0.926
22	-221.776801311589	1.11
22	-233.77327477708	0.987
22	-247.954001782589	1.867
22	-265.073977814281	0.525
22	-286.312619351645	0.882
22	-313.639760234572	0.308
22	-330.605335710118	0.522
22	-350.65991216562	0.303
22	-374.87121445714	0.303
22	-404.907189365662	0.264
22	-443.553602623178	0.327
22	-495.908003565177	0.247
22	-530.147955628561	0.47
22	-572.62523870329	0.479
22	-592.723438506012	0.233
22	-615.098187309544	0.91
22	-640.214466966382	0.711
22	-668.682208349479	0.342
22	-701.319824331239	0.546
22	-719.538962166526	0.869
22	-739.256014163761	0.948
22	-760.688142179012	1.036
22	-784.099394744435	1.061
22	-809.814378731324	1.623
22	-838.237525471618	0.028
22	-869.880198684263	0.026
22	-905.399982011319	0.125
22	-991.816007130355	0.053
22	-1045.46588129627	0.043
22	-1108.88399829611	0.041
22	-1185.44687701202	0.049
22	-1280.42893393276	0.105
22	-1337.36441669896	0.248
22	-1402.63964866248	0.083
22	-1568.19878948887	0.069
22	-1608.938031864	0.115
22	-1810.79996402264	0.229
22	-1841.75611503279	0.017
22	-1874.35606829569	0.01
22	-1908.75075775416	0.059
22	-1945.11125653904	0.017
22	-2024.53596945426	0.05
23	-3.96726402852142	0.925
23	-6.27279520469145	1.056
23	-9.91816007130355	0.926
23	-11.85446866918	1.146
23	-13.023182194946	1.162
23	-14.0263964866248	0.713
23	-16.0893802176925	0.471
23	-17.0095041944548	0.808
23	-18.108	0.263
23	-20.2453594682831	0.287
23	-25.608579187452	0.328
23	-29.9043777883622	0.36
23	-33.0605335710118	0.547
23	-35.0659912165619	0.244
23	-37.487121445714	0.399
23	-40.4907189365662	0.644
23	-44.3553602623178	0.91
23	-49.5908003565177	0.247
23	-57.262523870329	0.925
23	-65.3984108303133	0.731
23	-62.7279520469145	0.283
23	-70.1319824331239	0.568
23	-76.0688152847376	0.883
23	-80.9814378731324	0.875
23	-83.8237518334068	0.954
23	-86.9880182730755	1.068
23	-90.54	0.013
23	-94.5659458213733	0.02
23	-99.1816007130355	0.023
23	-104.546586744857	0.043
23	-110.888400655794	0.05
23	-118.5446866918	0.05
23	-121.169610494805	0.041
23	-130.23182194946	0.046
23	-140.263964866248	0.114
23	-151.250523120372	0.043
23	-156.819880117286	0.077
23	-160.893802176925	0.074
23	-170.095041944548	0.106
23	-181.08	1.625
23	-187.43560722857	3.833
23	-190.875079567763	3.494
23	-194.511122086591	3.259
23	-198.363201426071	2.992
23	-202.453594682831	0.079
23	-206.807933579213	0.925
23	-211.455883213153	1.056
23	-216.431996578272	0.926
23	-221.776801311589	1.146
23	-233.77327477708	1.162
23	-247.954001782589	0.713
23	-265.073977814281	0.471
23	-286.312619351645	0.808
23	-313.639760234572	0.263
23	-330.605335710118	0.287
23	-350.65991216562	0.328
23	-374.87121445714	0.36
23	-404.907189365662	0.547
23	-443.553602623178	0.244
23	-495.908003565177	0.399
23	-530.147955628561	0.644
23	-572.62523870329	0.91
23	-592.723438506012	0.247
23	-615.098187309544	0.925
23	-640.214466966382	0.731
23	-668.682208349479	0.283
23	-701.319824331239	0.568
23	-719.538962166526	0.883
23	-739.256014163761	0.875
23	-760.688142179012	0.954
23	-784.099394744435	1.068
23	-809.814378731324	0.013
23	-838.237525471618	0.02
23	-869.880198684263	0.023
23	-905.399982011319	0.043
23	-991.816007130355	0.05
23	-1045.46588129627	0.05
23	-1108.88399829611	0.041
23	-1185.44687701202	0.046
23	-1280.42893393276	0.114
23	-1337.36441669896	0.043
23	-1402.63964866248	0.077
23	-1568.19878948887	0.074
23	-1608.938031864	0.106
23	-1810.79996402264	1.625
23	-1841.75611503279	3.833
23	-1874.35606829569	3.494
23	-1908.75075775416	3.259
23	-1945.11125653904	2.992
23	-2024.53596945426	0.079
24	-3.96726402852142	1.27
24	-6.27279520469145	0.813
24	-9.91816007130355	1.66
24	-11.85446866918	1.255
24	-13.023182194946	1.396
24	-14.0263964866248	1.416
24	-16.0893802176925	1.816
24	-17.0095041944548	1.133
24	-18.108	2.066
24	-20.2453594682831	1.887
24	-25.608579187452	2.33
24	-29.9043777883622	2.33
24	-33.0605335710118	2.115
24	-35.0659912165619	2.068
24	-37.487121445714	2.173
24	-40.4907189365662	2.461
24	-44.3553602623178	1.584
24	-49.5908003565177	2.438
24	-57.262523870329	1.286
24	-65.3984108303133	1.769
24	-62.7279520469145	2.384
24	-70.1319824331239	1.528
24	-76.0688152847376	0.804
24	-80.9814378731324	1.23
24	-83.8237518334068	1.285
24	-86.9880182730755	1.251
24	-90.54	1.655
24	-94.5659458213733	2.281
24	-99.1816007130355	2.171
24	-104.546586744857	2.803
24	-110.888400655794	2.466
24	-118.5446866918	2.389
24	-121.169610494805	0.049
24	-130.23182194946	0.043
24	-140.263964866248	0.105
24	-151.250523120372	0.054
24	-156.819880117286	0.107
24	-160.893802176925	0.063
24	-170.095041944548	0.132
24	-181.08	0.268
24	-187.43560722857	0.016
24	-190.875079567763	0.011
24	-194.511122086591	0.091
24	-198.363201426071	0.017
24	-202.453594682831	0.047
24	-206.807933579213	1.27
24	-211.455883213153	0.813
24	-216.431996578272	1.66
24	-221.776801311589	1.255
24	-233.77327477708	1.396
24	-247.954001782589	1.416
24	-265.073977814281	1.816
24	-286.312619351645	1.133
24	-313.639760234572	2.066
24	-330.605335710118	1.887
24	-350.65991216562	2.33
24	-374.87121445714	2.33
24	-404.907189365662	2.115
24	-443.553602623178	2.068
24	-495.908003565177	2.173
24	-530.147955628561	2.461
24	-572.62523870329	1.584
24	-592.723438506012	2.438
24	-615.098187309544	1.286
24	-640.214466966382	1.769
24	-668.682208349479	2.384
24	-701.319824331239	1.528
24	-719.538962166526	0.804
24	-739.256014163761	1.23
24	-760.688142179012	1.285
24	-784.099394744435	1.251
24	-809.814378731324	1.655
24	-838.237525471618	2.281
24	-869.880198684263	2.171
24	-905.399982011319	2.803
24	-991.816007130355	2.466
24	-1045.46588129627	2.389
24	-1108.88399829611	0.049
24	-1185.44687701202	0.043
24	-1280.42893393276	0.105
24	-1337.36441669896	0.054
24	-1402.63964866248	0.107
24	-1568.19878948887	0.063
24	-1608.938031864	0.132
24	-1810.79996402264	0.268
24	-1841.75611503279	0.016
24	-1874.35606829569	0.011
24	-1908.75075775416	0.091
24	-1945.11125653904	0.017
24	-2024.53596945426	0.047
25	-3.96726402852142	0.921
25	-6.27279520469145	1.119
25	-9.91816007130355	0.755
25	-11.85446866918	0.76
25	-13.023182194946	0.811
25	-14.0263964866248	0.535
25	-16.0893802176925	0.431
25	-17.0095041944548	0.734
25	-18.108	0.27
25	-20.2453594682831	0.601
25	-25.608579187452	0.216
25	-29.9043777883622	0.444
25	-33.0605335710118	0.367
25	-35.0659912165619	0.594
25	-37.487121445714	0.338
25	-40.4907189365662	0.3
25	-44.3553602623178	0.739
25	-49.5908003565177	0.282
25	-57.262523870329	1.009
25	-65.3984108303133	0.781
25	-62.7279520469145	0.28
25	-70.1319824331239	0.509
25	-76.0688152847376	0.726
25	-80.9814378731324	0.951
25	-83.8237518334068	1.031
25	-86.9880182730755	1.137
25	-90.54	1.574
25	-94.5659458213733	2.377
25	-99.1816007130355	0.108
25	-104.546586744857	0.035
25	-110.888400655794	0.042
25	-118.5446866918	0.039
25	-121.169610494805	0.045
25	-130.23182194946	0.058
25	-140.263964866248	0.105
25	-151.250523120372	5.13
25	-156.819880117286	0.928
25	-160.893802176925	0.08
25	-170.095041944548	0.106
25	-181.08	0.229
25	-187.43560722857	0.015
25	-190.875079567763	0.786
25	-194.511122086591	0.193
25	-198.363201426071	0.017
25	-202.453594682831	0.047
25	-206.807933579213	0.921
25	-211.455883213153	1.119
25	-216.431996578272	0.755
25	-221.776801311589	0.76
25	-233.77327477708	0.811
25	-247.954001782589	0.535
25	-265.073977814281	0.431
25	-286.312619351645	0.734
25	-313.639760234572	0.27
25	-330.605335710118	0.601
25	-350.65991216562	0.216
25	-374.87121445714	0.444
25	-404.907189365662	0.367
25	-443.553602623178	0.594
25	-495.908003565177	0.338
25	-530.147955628561	0.3
25	-572.62523870329	0.739
25	-592.723438506012	0.282
25	-615.098187309544	1.009
25	-640.214466966382	0.781
25	-668.682208349479	0.28
25	-701.319824331239	0.509
25	-719.538962166526	0.726
25	-739.256014163761	0.951
25	-760.688142179012	1.031
25	-784.099394744435	1.137
25	-809.814378731324	1.574
25	-838.237525471618	2.377
25	-869.880198684263	0.108
25	-905.399982011319	0.035
25	-991.816007130355	0.042
25	-1045.46588129627	0.039
25	-1108.88399829611	0.045
25	-1185.44687701202	0.058
25	-1280.42893393276	0.105
25	-1337.36441669896	5.13
25	-1402.63964866248	0.928
25	-1568.19878948887	0.08
25	-1608.938031864	0.106
25	-1810.79996402264	0.229
25	-1841.75611503279	0.015
25	-1874.35606829569	0.786
25	-1908.75075775416	0.193
25	-1945.11125653904	0.017
25	-2024.53596945426	0.047
26	-3.96726402852142	1.052
26	-6.27279520469145	0.477
26	-9.91816007130355	0.724
26	-11.85446866918	0.821
26	-13.023182194946	0.789
26	-14.0263964866248	0.629
26	-16.0893802176925	0.552
26	-17.0095041944548	0.975
26	-18.108	0.18
26	-20.2453594682831	0.555
26	-25.608579187452	0.272
26	-29.9043777883622	0.303
26	-33.0605335710118	0.523
26	-35.0659912165619	0.345
26	-37.487121445714	0.33
26	-40.4907189365662	0.34
26	-44.3553602623178	0.474
26	-49.5908003565177	0.334
26	-57.262523870329	0.916
26	-65.3984108303133	0.692
26	-62.7279520469145	0.304
26	-70.1319824331239	0.4
26	-76.0688152847376	0.98
26	-80.9814378731324	1.039
26	-83.8237518334068	1.149
26	-86.9880182730755	1.153
26	-90.54	0.021
26	-94.5659458213733	0.023
26	-99.1816007130355	0.024
26	-104.546586744857	0.045
26	-110.888400655794	0.032
26	-118.5446866918	0.046
26	-121.169610494805	0.181
26	-130.23182194946	0.522
26	-140.263964866248	0.333
26	-151.250523120372	0.065
26	-156.819880117286	0.077
26	-160.893802176925	0.057
26	-170.095041944548	3.222
26	-181.08	3.304
26	-187.43560722857	0.05
26	-190.875079567763	4.246
26	-194.511122086591	3.014
26	-198.363201426071	5.351
26	-202.453594682831	0.148
26	-206.807933579213	1.052
26	-211.455883213153	0.477
26	-216.431996578272	0.724
26	-221.776801311589	0.821
26	-233.77327477708	0.789
26	-247.954001782589	0.629
26	-265.073977814281	0.552
26	-286.312619351645	0.975
26	-313.639760234572	0.18
26	-330.605335710118	0.555
26	-350.65991216562	0.272
26	-374.87121445714	0.303
26	-404.907189365662	0.523
26	-443.553602623178	0.345
26	-495.908003565177	0.33
26	-530.147955628561	0.34
26	-572.62523870329	0.474
26	-592.723438506012	0.334
26	-615.098187309544	0.916
26	-640.214466966382	0.692
26	-668.682208349479	0.304
26	-701.319824331239	0.4
26	-719.538962166526	0.98
26	-739.256014163761	1.039
26	-760.688142179012	1.149
26	-784.099394744435	1.153
26	-809.814378731324	0.021
26	-838.237525471618	0.023
26	-869.880198684263	0.024
26	-905.399982011319	0.045
26	-991.816007130355	0.032
26	-1045.46588129627	0.046
26	-1108.88399829611	0.181
26	-1185.44687701202	0.522
26	-1280.42893393276	0.333
26	-1337.36441669896	0.065
26	-1402.63964866248	0.077
26	-1568.19878948887	0.057
26	-1608.938031864	3.222
26	-1810.79996402264	3.304
26	-1841.75611503279	0.05
26	-1874.35606829569	4.246
26	-1908.75075775416	3.014
26	-1945.11125653904	5.351
26	-2024.53596945426	0.148
27	-3.96726402852142	0.732
27	-6.27279520469145	0.939
27	-9.91816007130355	0.734
27	-11.85446866918	0.676
27	-13.023182194946	0.862
27	-14.0263964866248	0.482
27	-16.0893802176925	0.404
27	-17.0095041944548	0.78
27	-18.108	0.289
27	-20.2453594682831	0.235
27	-25.608579187452	0.439
27	-29.9043777883622	0.335
27	-33.0605335710118	0.481
27	-35.0659912165619	0.523
27	-37.487121445714	0.399
27	-40.4907189365662	0.688
27	-44.3553602623178	0.862
27	-49.5908003565177	0.327
27	-57.262523870329	0.918
27	-65.3984108303133	0.72
27	-62.7279520469145	0.909
27	-70.1319824331239	3.245
27	-76.0688152847376	1.813
27	-80.9814378731324	1.659
27	-83.8237518334068	1.573
27	-86.9880182730755	2.15
27	-90.54	2.246
27	-94.5659458213733	1.418
27	-99.1816007130355	0.034
27	-104.546586744857	0.043
27	-110.888400655794	0.057
27	-118.5446866918	0.05
27	-121.169610494805	0.06
27	-130.23182194946	0.043
27	-140.263964866248	0.158
27	-151.250523120372	0.092
27	-156.819880117286	0.077
27	-160.893802176925	0.063
27	-170.095041944548	0.115
27	-181.08	0.191
27	-187.43560722857	0.278
27	-190.875079567763	2.633
27	-194.511122086591	0.198
27	-198.363201426071	0.031
27	-202.453594682831	0.047
27	-206.807933579213	0.732
27	-211.455883213153	0.939
27	-216.431996578272	0.734
27	-221.776801311589	0.676
27	-233.77327477708	0.862
27	-247.954001782589	0.482
27	-265.073977814281	0.404
27	-286.312619351645	0.78
27	-313.639760234572	0.289
27	-330.605335710118	0.235
27	-350.65991216562	0.439
27	-374.87121445714	0.335
27	-404.907189365662	0.481
27	-443.553602623178	0.523
27	-495.908003565177	0.399
27	-530.147955628561	0.688
27	-572.62523870329	0.862
27	-592.723438506012	0.327
27	-615.098187309544	0.918
27	-640.214466966382	0.72
27	-668.682208349479	0.909
27	-701.319824331239	3.245
27	-719.538962166526	1.813
27	-739.256014163761	1.659
27	-760.688142179012	1.573
27	-784.099394744435	2.15
27	-809.814378731324	2.246
27	-838.237525471618	1.418
27	-869.880198684263	0.034
27	-905.399982011319	0.043
27	-991.816007130355	0.057
27	-1045.46588129627	0.05
27	-1108.88399829611	0.06
27	-1185.44687701202	0.043
27	-1280.42893393276	0.158
27	-1337.36441669896	0.092
27	-1402.63964866248	0.077
27	-1568.19878948887	0.063
27	-1608.938031864	0.115
27	-1810.79996402264	0.191
27	-1841.75611503279	0.278
27	-1874.35606829569	2.633
27	-1908.75075775416	0.198
27	-1945.11125653904	0.031
27	-2024.53596945426	0.047
28	-3.96726402852142	1.104
28	-6.27279520469145	1.251
28	-9.91816007130355	1.046
28	-11.85446866918	1.11
28	-13.023182194946	1.301
28	-14.0263964866248	1.091
28	-16.0893802176925	2.395
28	-17.0095041944548	1.699
28	-18.108	2.143
28	-20.2453594682831	2.344
28	-25.608579187452	1.446
28	-29.9043777883622	0.386
28	-33.0605335710118	0.445
28	-35.0659912165619	0.582
28	-37.487121445714	0.38
28	-40.4907189365662	0.522
28	-44.3553602623178	1.031
28	-49.5908003565177	0.167
28	-57.262523870329	1.058
28	-65.3984108303133	0.781
28	-62.7279520469145	0.221
28	-70.1319824331239	0.66
28	-76.0688152847376	1.053
28	-80.9814378731324	1.269
28	-83.8237518334068	1.329
28	-86.9880182730755	1.517
28	-90.54	0.028
28	-94.5659458213733	0.025
28	-99.1816007130355	0.023
28	-104.546586744857	0.035
28	-110.888400655794	0.05
28	-118.5446866918	0.035
28	-121.169610494805	0.041
28	-130.23182194946	0.037
28	-140.263964866248	0.114
28	-151.250523120372	0.086
28	-156.819880117286	0.196
28	-160.893802176925	0.057
28	-170.095041944548	0.097
28	-181.08	0.21
28	-187.43560722857	0.014
28	-190.875079567763	0.763
28	-194.511122086591	0.08
28	-198.363201426071	0.133
28	-202.453594682831	0.054
28	-206.807933579213	1.104
28	-211.455883213153	1.251
28	-216.431996578272	1.046
28	-221.776801311589	1.11
28	-233.77327477708	1.301
28	-247.954001782589	1.091
28	-265.073977814281	2.395
28	-286.312619351645	1.699
28	-313.639760234572	2.143
28	-330.605335710118	2.344
28	-350.65991216562	1.446
28	-374.87121445714	0.386
28	-404.907189365662	0.445
28	-443.553602623178	0.582
28	-495.908003565177	0.38
28	-530.147955628561	0.522
28	-572.62523870329	1.031
28	-592.723438506012	0.167
28	-615.098187309544	1.058
28	-640.214466966382	0.781
28	-668.682208349479	0.221
28	-701.319824331239	0.66
28	-719.538962166526	1.053
28	-739.256014163761	1.269
28	-760.688142179012	1.329
28	-784.099394744435	1.517
28	-809.814378731324	0.028
28	-838.237525471618	0.025
28	-869.880198684263	0.023
28	-905.399982011319	0.035
28	-991.816007130355	0.05
28	-1045.46588129627	0.035
28	-1108.88399829611	0.041
28	-1185.44687701202	0.037
28	-1280.42893393276	0.114
28	-1337.36441669896	0.086
28	-1402.63964866248	0.196
28	-1568.19878948887	0.057
28	-1608.938031864	0.097
28	-1810.79996402264	0.21
28	-1841.75611503279	0.014
28	-1874.35606829569	0.763
28	-1908.75075775416	0.08
28	-1945.11125653904	0.133
28	-2024.53596945426	0.054
29	-3.96726402852142	1.06
29	-6.27279520469145	0.712
29	-9.91816007130355	0.815
29	-11.85446866918	0.845
29	-13.023182194946	0.753
29	-14.0263964866248	0.556
29	-16.0893802176925	0.861
29	-17.0095041944548	0.734
29	-18.108	0.263
29	-20.2453594682831	0.294
29	-25.608579187452	0.241
29	-29.9043777883622	0.348
29	-33.0605335710118	0.517
29	-35.0659912165619	0.446
29	-37.487121445714	0.353
29	-40.4907189365662	0.496
29	-44.3553602623178	0.84
29	-49.5908003565177	0.341
29	-57.262523870329	1.067
29	-65.3984108303133	0.882
29	-62.7279520469145	0.204
29	-70.1319824331239	0.601
29	-76.0688152847376	1.14
29	-80.9814378731324	1.145
29	-83.8237518334068	1.218
29	-86.9880182730755	0.269
29	-90.54	0.357
29	-94.5659458213733	0.278
29	-99.1816007130355	0.536
29	-104.546586744857	0.063
29	-110.888400655794	0.05
29	-118.5446866918	0.046
29	-121.169610494805	0.32
29	-130.23182194946	0.116
29	-140.263964866248	0.088
29	-151.250523120372	0.07
29	-156.819880117286	0.857
29	-160.893802176925	2.715
29	-170.095041944548	0.088
29	-181.08	0.478
29	-187.43560722857	3.832
29	-190.875079567763	0.067
29	-194.511122086591	4.655
29	-198.363201426071	2.108
29	-202.453594682831	0.227
29	-206.807933579213	1.06
29	-211.455883213153	0.712
29	-216.431996578272	0.815
29	-221.776801311589	0.845
29	-233.77327477708	0.753
29	-247.954001782589	0.556
29	-265.073977814281	0.861
29	-286.312619351645	0.734
29	-313.639760234572	0.263
29	-330.605335710118	0.294
29	-350.65991216562	0.241
29	-374.87121445714	0.348
29	-404.907189365662	0.517
29	-443.553602623178	0.446
29	-495.908003565177	0.353
29	-530.147955628561	0.496
29	-572.62523870329	0.84
29	-592.723438506012	0.341
29	-615.098187309544	1.067
29	-640.214466966382	0.882
29	-668.682208349479	0.204
29	-701.319824331239	0.601
29	-719.538962166526	1.14
29	-739.256014163761	1.145
29	-760.688142179012	1.218
29	-784.099394744435	0.269
29	-809.814378731324	0.357
29	-838.237525471618	0.278
29	-869.880198684263	0.536
29	-905.399982011319	0.063
29	-991.816007130355	0.05
29	-1045.46588129627	0.046
29	-1108.88399829611	0.32
29	-1185.44687701202	0.116
29	-1280.42893393276	0.088
29	-1337.36441669896	0.07
29	-1402.63964866248	0.857
29	-1568.19878948887	2.715
29	-1608.938031864	0.088
29	-1810.79996402264	0.478
29	-1841.75611503279	3.832
29	-1874.35606829569	0.067
29	-1908.75075775416	4.655
29	-1945.11125653904	2.108
29	-2024.53596945426	0.227
30	-3.96726402852142	0.933
30	-6.27279520469145	1.291
30	-9.91816007130355	1.61
30	-11.85446866918	2.305
30	-13.023182194946	1.206
30	-14.0263964866248	1.091
30	-16.0893802176925	1.238
30	-17.0095041944548	1.087
30	-18.108	1.707
30	-20.2453594682831	0.398
30	-25.608579187452	0.315
30	-29.9043777883622	0.399
30	-33.0605335710118	0.312
30	-35.0659912165619	0.749
30	-37.487121445714	0.418
30	-40.4907189365662	0.574
30	-44.3553602623178	0.951
30	-49.5908003565177	0.153
30	-57.262523870329	1.035
30	-65.3984108303133	0.713
30	-62.7279520469145	0.242
30	-70.1319824331239	0.44
30	-76.0688152847376	0.761
30	-80.9814378731324	0.967
30	-83.8237518334068	1.078
30	-86.9880182730755	1.098
30	-90.54	1.598
30	-94.5659458213733	2.368
30	-99.1816007130355	1.272
30	-104.546586744857	0.035
30	-110.888400655794	0.035
30	-118.5446866918	0.053
30	-121.169610494805	0.049
30	-130.23182194946	0.031
30	-140.263964866248	0.114
30	-151.250523120372	0.059
30	-156.819880117286	0.071
30	-160.893802176925	0.074
30	-170.095041944548	0.115
30	-181.08	0.21
30	-187.43560722857	4.934
30	-190.875079567763	1.298
30	-194.511122086591	0.097
30	-198.363201426071	1.872
30	-202.453594682831	4.146
30	-206.807933579213	0.933
30	-211.455883213153	1.291
30	-216.431996578272	1.61
30	-221.776801311589	2.305
30	-233.77327477708	1.206
30	-247.954001782589	1.091
30	-265.073977814281	1.238
30	-286.312619351645	1.087
30	-313.639760234572	1.707
30	-330.605335710118	0.398
30	-350.65991216562	0.315
30	-374.87121445714	0.399
30	-404.907189365662	0.312
30	-443.553602623178	0.749
30	-495.908003565177	0.418
30	-530.147955628561	0.574
30	-572.62523870329	0.951
30	-592.723438506012	0.153
30	-615.098187309544	1.035
30	-640.214466966382	0.713
30	-668.682208349479	0.242
30	-701.319824331239	0.44
30	-719.538962166526	0.761
30	-739.256014163761	0.967
30	-760.688142179012	1.078
30	-784.099394744435	1.098
30	-809.814378731324	1.598
30	-838.237525471618	2.368
30	-869.880198684263	1.272
30	-905.399982011319	0.035
30	-991.816007130355	0.035
30	-1045.46588129627	0.053
30	-1108.88399829611	0.049
30	-1185.44687701202	0.031
30	-1280.42893393276	0.114
30	-1337.36441669896	0.059
30	-1402.63964866248	0.071
30	-1568.19878948887	0.074
30	-1608.938031864	0.115
30	-1810.79996402264	0.21
30	-1841.75611503279	4.934
30	-1874.35606829569	1.298
30	-1908.75075775416	0.097
30	-1945.11125653904	1.872
30	-2024.53596945426	4.146
31	-3.96726402852142	0.951
31	-6.27279520469145	1.251
31	-9.91816007130355	1.227
31	-11.85446866918	1.255
31	-13.023182194946	1.615
31	-14.0263964866248	1.279
31	-16.0893802176925	1.399
31	-17.0095041944548	1.653
31	-18.108	1.777
31	-20.2453594682831	1.528
31	-25.608579187452	1.644
31	-29.9043777883622	2.311
31	-33.0605335710118	1.965
31	-35.0659912165619	2.579
31	-37.487121445714	2.408
31	-40.4907189365662	2.272
31	-44.3553602623178	1.498
31	-49.5908003565177	2.208
31	-57.262523870329	1.293
31	-65.3984108303133	1.788
31	-62.7279520469145	2.476
31	-70.1319824331239	1.485
31	-76.0688152847376	1.09
31	-80.9814378731324	0.98
31	-83.8237518334068	0.845
31	-86.9880182730755	0.96
31	-90.54	1.016
31	-94.5659458213733	1.088
31	-99.1816007130355	1.807
31	-104.546586744857	2.963
31	-110.888400655794	4.252
31	-118.5446866918	3.44
31	-121.169610494805	3.724
31	-130.23182194946	6.841
31	-140.263964866248	0.123
31	-151.250523120372	0.092
31	-156.819880117286	0.113
31	-160.893802176925	0.218
31	-170.095041944548	3.549
31	-181.08	0.402
31	-187.43560722857	0.014
31	-190.875079567763	0.012
31	-194.511122086591	0.07
31	-198.363201426071	0.741
31	-202.453594682831	0.291
31	-206.807933579213	0.951
31	-211.455883213153	1.251
31	-216.431996578272	1.227
31	-221.776801311589	1.255
31	-233.77327477708	1.615
31	-247.954001782589	1.279
31	-265.073977814281	1.399
31	-286.312619351645	1.653
31	-313.639760234572	1.777
31	-330.605335710118	1.528
31	-350.65991216562	1.644
31	-374.87121445714	2.311
31	-404.907189365662	1.965
31	-443.553602623178	2.579
31	-495.908003565177	2.408
31	-530.147955628561	2.272
31	-572.62523870329	1.498
31	-592.723438506012	2.208
31	-615.098187309544	1.293
31	-640.214466966382	1.788
31	-668.682208349479	2.476
31	-701.319824331239	1.485
31	-719.538962166526	1.09
31	-739.256014163761	0.98
31	-760.688142179012	0.845
31	-784.099394744435	0.96
31	-809.814378731324	1.016
31	-838.237525471618	1.088
31	-869.880198684263	1.807
31	-905.399982011319	2.963
31	-991.816007130355	4.252
31	-1045.46588129627	3.44
31	-1108.88399829611	3.724
31	-1185.44687701202	6.841
31	-1280.42893393276	0.123
31	-1337.36441669896	0.092
31	-1402.63964866248	0.113
31	-1568.19878948887	0.218
31	-1608.938031864	3.549
31	-1810.79996402264	0.402
31	-1841.75611503279	0.014
31	-1874.35606829569	0.012
31	-1908.75075775416	0.07
31	-1945.11125653904	0.741
31	-2024.53596945426	0.291
